40
221
33.010416
0.0327 0.0547 0.0446 0.0268 0.1453 0.0177 0.0209 0.1210 0.0375 0.0235 0.0277 0.0425 0.0078 0.0262 0.0291 0.0462 0.0266 0.0108 0.0551 0.0220 0.1812
0.090 0.019 0.037 0.074 0.046 0.019 0.028 0.214 0.019 0.019 0.019 0.019 0.019 0.019 0.019 0.052 0.019 0.019 0.037 0.019 0.199  0.8504
0.019 0.019 0.046 0.019 0.019 0.019 0.019 0.019 0.046 0.022 0.040 0.019 0.019 0.159 0.037 0.019 0.019 0.086 0.123 0.037 0.199  0.8662
0.027 0.019 0.022 0.019 0.037 0.019 0.019 0.356 0.019 0.019 0.019 0.019 0.019 0.024 0.037 0.071 0.019 0.019 0.023 0.019 0.181  0.7727
0.019 0.019 0.019 0.019 0.468 0.019 0.019 0.019 0.019 0.019 0.019 0.019 0.019 0.019 0.019 0.019 0.019 0.019 0.019 0.019 0.181  0.6792
0.019 0.019 0.052 0.019 0.019 0.019 0.019 0.056 0.019 0.019 0.037 0.019 0.019 0.037 0.372 0.019 0.025 0.019 0.019 0.019 0.162  0.7710
0.019 0.040 0.033 0.023 0.019 0.019 0.039 0.087 0.056 0.035 0.063 0.039 0.019 0.122 0.037 0.072 0.019 0.039 0.041 0.019 0.162  0.9237
0.056 0.059 0.181 0.040 0.019 0.023 0.019 0.019 0.028 0.019 0.056 0.024 0.019 0.019 0.046 0.076 0.019 0.019 0.019 0.019 0.225  0.8600
0.019 0.019 0.019 0.019 0.019 0.019 0.037 0.019 0.019 0.021 0.042 0.019 0.019 0.060 0.019 0.019 0.022 0.040 0.022 0.044 0.488  0.7167
0.024 0.019 0.026 0.033 0.019 0.019 0.019 0.060 0.019 0.037 0.037 0.022 0.019 0.019 0.019 0.046 0.026 0.019 0.019 0.019 0.486  0.7199
0.024 0.019 0.019 0.037 0.019 0.019 0.037 0.049 0.019 0.024 0.041 0.019 0.019 0.020 0.028 0.037 0.019 0.020 0.019 0.034 0.481  0.7278
0.019 0.019 0.115 0.038 0.019 0.019 0.020 0.030 0.019 0.019 0.019 0.022 0.019 0.019 0.019 0.038 0.019 0.019 0.019 0.019 0.478  0.7070
0.063 0.029 0.057 0.153 0.019 0.088 0.107 0.029 0.077 0.023 0.022 0.038 0.019 0.019 0.097 0.034 0.032 0.019 0.019 0.037 0.019  0.9194
0.054 0.032 0.028 0.045 0.019 0.021 0.071 0.059 0.046 0.037 0.049 0.065 0.057 0.022 0.019 0.097 0.062 0.037 0.137 0.019 0.025  0.9485
0.159 0.058 0.023 0.040 0.019 0.124 0.056 0.020 0.028 0.039 0.071 0.070 0.019 0.019 0.063 0.056 0.020 0.019 0.030 0.049 0.019  0.9235
0.019 0.019 0.019 0.019 0.629 0.019 0.019 0.019 0.019 0.019 0.019 0.019 0.019 0.019 0.019 0.020 0.019 0.019 0.019 0.019 0.019  0.5821
0.099 0.065 0.136 0.055 0.019 0.056 0.019 0.063 0.146 0.019 0.019 0.037 0.019 0.019 0.019 0.084 0.037 0.019 0.037 0.019 0.019  0.9093
0.063 0.094 0.194 0.019 0.019 0.053 0.087 0.029 0.040 0.021 0.047 0.056 0.031 0.019 0.019 0.071 0.019 0.019 0.038 0.045 0.019  0.9138
0.019 0.037 0.042 0.019 0.019 0.059 0.019 0.019 0.397 0.019 0.019 0.020 0.019 0.019 0.019 0.019 0.019 0.019 0.148 0.037 0.019  0.7578
0.019 0.019 0.019 0.019 0.630 0.019 0.019 0.019 0.019 0.019 0.019 0.019 0.019 0.019 0.019 0.019 0.019 0.019 0.019 0.019 0.019  0.5809
0.019 0.232 0.019 0.019 0.019 0.054 0.019 0.019 0.019 0.071 0.143 0.136 0.019 0.054 0.019 0.022 0.019 0.019 0.019 0.045 0.019  0.8476
0.061 0.050 0.042 0.058 0.019 0.025 0.056 0.072 0.020 0.039 0.029 0.023 0.037 0.022 0.019 0.251 0.045 0.019 0.074 0.021 0.019  0.8933
0.037 0.071 0.050 0.056 0.019 0.025 0.020 0.019 0.047 0.184 0.051 0.038 0.088 0.021 0.022 0.080 0.067 0.019 0.023 0.046 0.019  0.9226
0.019 0.041 0.037 0.019 0.019 0.019 0.037 0.027 0.019 0.019 0.019 0.065 0.019 0.019 0.020 0.028 0.019 0.019 0.019 0.055 0.467  0.7331
0.019 0.048 0.038 0.019 0.019 0.019 0.019 0.489 0.019 0.019 0.026 0.058 0.019 0.037 0.020 0.025 0.037 0.019 0.019 0.019 0.019  0.7159
0.019 0.151 0.029 0.019 0.157 0.019 0.019 0.037 0.068 0.019 0.019 0.048 0.019 0.039 0.019 0.019 0.019 0.022 0.227 0.019 0.019  0.8416
0.042 0.260 0.021 0.037 0.020 0.019 0.019 0.019 0.056 0.022 0.061 0.160 0.019 0.019 0.037 0.057 0.060 0.019 0.019 0.019 0.019  0.8516
0.041 0.022 0.019 0.028 0.019 0.019 0.034 0.476 0.019 0.037 0.019 0.019 0.019 0.045 0.019 0.019 0.059 0.019 0.037 0.019 0.019  0.7281
0.019 0.019 0.019 0.019 0.019 0.019 0.019 0.626 0.019 0.019 0.022 0.019 0.019 0.019 0.019 0.019 0.019 0.019 0.019 0.019 0.019  0.5852
0.019 0.074 0.040 0.019 0.021 0.020 0.057 0.019 0.025 0.019 0.019 0.057 0.019 0.051 0.019 0.041 0.038 0.020 0.388 0.019 0.019  0.7953
0.019 0.019 0.019 0.019 0.630 0.019 0.019 0.019 0.019 0.019 0.019 0.019 0.019 0.019 0.019 0.019 0.019 0.019 0.019 0.019 0.019  0.5809
0.104 0.043 0.083 0.080 0.019 0.041 0.044 0.129 0.037 0.019 0.019 0.067 0.019 0.019 0.019 0.046 0.101 0.019 0.019 0.057 0.019  0.9258
0.046 0.019 0.069 0.061 0.019 0.019 0.019 0.276 0.019 0.033 0.039 0.028 0.023 0.025 0.037 0.087 0.019 0.019 0.031 0.033 0.081  0.8707
0.056 0.066 0.038 0.043 0.019 0.019 0.019 0.034 0.025 0.023 0.027 0.020 0.019 0.107 0.106 0.056 0.028 0.071 0.019 0.023 0.184  0.9075
0.027 0.090 0.061 0.039 0.019 0.021 0.037 0.092 0.019 0.019 0.019 0.153 0.019 0.045 0.019 0.019 0.019 0.075 0.044 0.019 0.146  0.9020
0.036 0.038 0.019 0.019 0.019 0.078 0.019 0.064 0.040 0.074 0.117 0.047 0.050 0.041 0.022 0.071 0.053 0.019 0.030 0.020 0.127  0.9381
0.052 0.073 0.024 0.020 0.019 0.019 0.056 0.019 0.037 0.068 0.019 0.065 0.020 0.019 0.025 0.046 0.163 0.019 0.019 0.138 0.083  0.9069
0.025 0.019 0.019 0.019 0.559 0.019 0.019 0.019 0.019 0.019 0.019 0.019 0.019 0.019 0.019 0.019 0.019 0.019 0.019 0.019 0.083  0.6415
0.020 0.082 0.041 0.028 0.019 0.023 0.021 0.025 0.046 0.079 0.048 0.133 0.031 0.042 0.019 0.043 0.094 0.037 0.020 0.069 0.083  0.9403
0.019 0.019 0.019 0.019 0.559 0.019 0.019 0.019 0.019 0.019 0.019 0.019 0.019 0.019 0.019 0.019 0.019 0.019 0.019 0.025 0.083  0.6415
0.019 0.027 0.043 0.056 0.019 0.019 0.019 0.019 0.025 0.058 0.019 0.028 0.019 0.038 0.019 0.021 0.027 0.019 0.205 0.073 0.234  0.8449
