106
16243
1028.997315
0.0629 0.0109 0.0457 0.0493 0.0011 0.0266 0.0293 0.0653 0.0110 0.0409 0.0313 0.0371 0.0043 0.0117 0.0276 0.0544 0.0867 0.0109 0.0246 0.0695 0.2989
0.001 0.001 0.001 0.001 0.001 0.001 0.001 0.001 0.001 0.001 0.001 0.001 0.002 0.001 0.001 0.001 0.001 0.001 0.001 0.001 0.980  0.0518
0.001 0.001 0.001 0.001 0.001 0.001 0.001 0.002 0.001 0.001 0.001 0.001 0.001 0.001 0.001 0.001 0.001 0.001 0.001 0.001 0.980  0.0518
0.002 0.001 0.001 0.001 0.001 0.001 0.001 0.001 0.001 0.001 0.001 0.001 0.001 0.001 0.001 0.001 0.001 0.001 0.001 0.001 0.980  0.0522
0.001 0.001 0.001 0.004 0.001 0.001 0.008 0.001 0.001 0.001 0.001 0.003 0.001 0.001 0.001 0.001 0.001 0.001 0.001 0.001 0.969  0.0721
0.004 0.001 0.005 0.001 0.001 0.005 0.007 0.001 0.001 0.002 0.001 0.003 0.001 0.001 0.002 0.002 0.002 0.001 0.001 0.003 0.954  0.1033
0.008 0.005 0.005 0.003 0.001 0.004 0.012 0.001 0.001 0.001 0.001 0.021 0.001 0.001 0.003 0.006 0.013 0.001 0.001 0.003 0.907  0.1777
0.006 0.002 0.005 0.148 0.001 0.006 0.011 0.001 0.001 0.001 0.001 0.009 0.001 0.001 0.001 0.003 0.004 0.001 0.002 0.001 0.795  0.2543
0.019 0.010 0.011 0.010 0.001 0.017 0.008 0.003 0.001 0.005 0.003 0.039 0.002 0.002 0.001 0.008 0.106 0.002 0.002 0.016 0.735  0.3780
0.025 0.007 0.006 0.004 0.001 0.015 0.018 0.003 0.004 0.010 0.004 0.030 0.001 0.002 0.026 0.014 0.164 0.001 0.001 0.018 0.648  0.4483
0.116 0.008 0.006 0.011 0.001 0.014 0.014 0.002 0.002 0.013 0.004 0.032 0.001 0.001 0.080 0.015 0.069 0.001 0.001 0.049 0.561  0.5433
0.024 0.002 0.005 0.002 0.001 0.006 0.005 0.001 0.001 0.048 0.046 0.020 0.004 0.001 0.231 0.026 0.055 0.001 0.001 0.037 0.483  0.5572
0.119 0.003 0.030 0.051 0.001 0.013 0.036 0.061 0.003 0.004 0.004 0.026 0.002 0.001 0.111 0.055 0.052 0.001 0.006 0.011 0.410  0.6795
0.186 0.011 0.036 0.047 0.001 0.033 0.025 0.005 0.003 0.010 0.010 0.073 0.004 0.003 0.031 0.029 0.117 0.001 0.002 0.019 0.355  0.6973
0.024 0.001 0.014 0.002 0.001 0.001 0.003 0.009 0.002 0.084 0.083 0.001 0.004 0.010 0.313 0.004 0.026 0.001 0.002 0.099 0.314  0.6076
0.038 0.012 0.033 0.011 0.001 0.030 0.037 0.005 0.005 0.023 0.010 0.060 0.001 0.002 0.003 0.106 0.267 0.001 0.005 0.090 0.259  0.7091
0.022 0.002 0.005 0.004 0.001 0.004 0.003 0.005 0.002 0.366 0.045 0.001 0.007 0.011 0.002 0.006 0.017 0.001 0.004 0.284 0.207  0.5438
0.033 0.009 0.274 0.121 0.001 0.033 0.049 0.015 0.005 0.005 0.010 0.028 0.001 0.002 0.007 0.107 0.102 0.002 0.005 0.016 0.176  0.7333
0.129 0.010 0.155 0.055 0.002 0.028 0.046 0.042 0.008 0.011 0.012 0.052 0.005 0.005 0.096 0.067 0.088 0.001 0.005 0.026 0.157  0.8314
0.050 0.007 0.061 0.022 0.001 0.029 0.018 0.009 0.007 0.134 0.060 0.037 0.009 0.018 0.058 0.030 0.032 0.001 0.027 0.257 0.133  0.8132
0.061 0.010 0.082 0.098 0.001 0.018 0.094 0.028 0.006 0.012 0.018 0.042 0.002 0.013 0.012 0.082 0.279 0.001 0.014 0.017 0.109  0.7892
0.079 0.017 0.122 0.041 0.001 0.031 0.037 0.113 0.009 0.003 0.005 0.036 0.005 0.008 0.006 0.069 0.037 0.002 0.009 0.011 0.361  0.7277
0.096 0.010 0.089 0.274 0.002 0.043 0.057 0.029 0.009 0.008 0.008 0.032 0.001 0.001 0.015 0.103 0.113 0.001 0.005 0.013 0.092  0.7720
0.060 0.019 0.134 0.078 0.002 0.048 0.027 0.220 0.008 0.005 0.015 0.068 0.005 0.060 0.010 0.069 0.078 0.001 0.015 0.007 0.070  0.8321
0.051 0.042 0.038 0.149 0.003 0.045 0.025 0.130 0.006 0.031 0.015 0.041 0.006 0.006 0.009 0.108 0.221 0.001 0.005 0.022 0.047  0.8137
0.019 0.008 0.010 0.014 0.002 0.022 0.010 0.015 0.004 0.089 0.108 0.028 0.009 0.087 0.160 0.014 0.136 0.002 0.077 0.152 0.034  0.8189
0.034 0.018 0.049 0.054 0.001 0.045 0.058 0.008 0.012 0.063 0.028 0.072 0.007 0.006 0.016 0.060 0.290 0.004 0.010 0.139 0.024  0.8063
0.029 0.002 0.002 0.001 0.001 0.001 0.001 0.003 0.001 0.340 0.196 0.001 0.009 0.047 0.002 0.002 0.001 0.001 0.005 0.334 0.023  0.5162
0.042 0.027 0.040 0.009 0.001 0.037 0.034 0.010 0.012 0.016 0.011 0.060 0.003 0.004 0.002 0.335 0.310 0.001 0.009 0.020 0.019  0.6590
0.015 0.001 0.049 0.020 0.017 0.007 0.039 0.655 0.002 0.041 0.030 0.002 0.004 0.010 0.002 0.009 0.005 0.001 0.014 0.058 0.018  0.5005
0.029 0.025 0.033 0.022 0.001 0.045 0.017 0.008 0.010 0.045 0.018 0.153 0.008 0.004 0.005 0.084 0.383 0.001 0.010 0.082 0.017  0.7169
0.260 0.009 0.050 0.029 0.001 0.019 0.016 0.200 0.005 0.004 0.010 0.013 0.003 0.004 0.003 0.118 0.157 0.001 0.005 0.076 0.016  0.7111
0.073 0.005 0.053 0.074 0.003 0.038 0.357 0.008 0.004 0.026 0.029 0.033 0.007 0.004 0.017 0.076 0.084 0.002 0.006 0.084 0.019  0.7540
0.245 0.009 0.018 0.029 0.001 0.010 0.025 0.023 0.003 0.030 0.014 0.035 0.004 0.006 0.380 0.071 0.039 0.002 0.004 0.039 0.013  0.6719
0.044 0.010 0.180 0.041 0.002 0.028 0.034 0.429 0.014 0.001 0.018 0.054 0.002 0.011 0.024 0.052 0.015 0.002 0.014 0.011 0.013  0.6772
0.257 0.010 0.040 0.065 0.003 0.032 0.038 0.123 0.006 0.006 0.014 0.026 0.004 0.002 0.008 0.216 0.090 0.001 0.020 0.024 0.016  0.7507
0.030 0.018 0.027 0.025 0.001 0.022 0.035 0.068 0.007 0.143 0.054 0.062 0.008 0.007 0.005 0.050 0.269 0.004 0.017 0.133 0.015  0.7967
0.033 0.017 0.015 0.028 0.002 0.052 0.029 0.011 0.003 0.177 0.026 0.078 0.004 0.003 0.004 0.065 0.067 0.001 0.003 0.371 0.011  0.7039
0.041 0.045 0.056 0.023 0.001 0.041 0.094 0.030 0.013 0.036 0.020 0.112 0.008 0.013 0.006 0.122 0.231 0.003 0.031 0.067 0.007  0.8360
0.030 0.001 0.001 0.002 0.001 0.001 0.002 0.009 0.001 0.236 0.132 0.001 0.012 0.008 0.001 0.003 0.001 0.001 0.006 0.547 0.004  0.4376
0.028 0.069 0.023 0.018 0.007 0.075 0.056 0.004 0.006 0.025 0.063 0.154 0.021 0.014 0.004 0.075 0.203 0.008 0.093 0.050 0.004  0.8392
0.053 0.006 0.037 0.073 0.006 0.003 0.007 0.009 0.007 0.163 0.141 0.015 0.015 0.145 0.004 0.016 0.013 0.004 0.017 0.260 0.004  0.7389
0.173 0.010 0.100 0.065 0.001 0.014 0.023 0.162 0.003 0.008 0.007 0.045 0.001 0.005 0.233 0.038 0.076 0.002 0.005 0.023 0.004  0.7505
0.047 0.004 0.082 0.149 0.001 0.029 0.015 0.176 0.005 0.061 0.024 0.023 0.002 0.010 0.005 0.050 0.105 0.001 0.003 0.202 0.006  0.7741
0.035 0.014 0.070 0.029 0.001 0.048 0.024 0.189 0.009 0.010 0.005 0.091 0.007 0.002 0.011 0.044 0.064 0.295 0.006 0.042 0.004  0.7601
0.047 0.013 0.067 0.044 0.013 0.019 0.044 0.080 0.017 0.025 0.029 0.059 0.003 0.006 0.015 0.253 0.177 0.001 0.008 0.076 0.004  0.8047
0.047 0.013 0.028 0.076 0.001 0.038 0.141 0.056 0.009 0.074 0.066 0.050 0.005 0.008 0.016 0.049 0.114 0.001 0.010 0.109 0.089  0.8760
0.098 0.018 0.056 0.035 0.002 0.033 0.071 0.117 0.010 0.075 0.044 0.055 0.002 0.004 0.014 0.061 0.064 0.001 0.016 0.103 0.121  0.8814
0.004 0.004 0.041 0.072 0.002 0.003 0.010 0.181 0.003 0.003 0.005 0.015 0.005 0.002 0.003 0.009 0.030 0.001 0.001 0.006 0.599  0.4712
0.006 0.005 0.005 0.002 0.001 0.274 0.004 0.012 0.002 0.013 0.026 0.010 0.004 0.011 0.006 0.010 0.007 0.006 0.001 0.012 0.584  0.4368
0.014 0.003 0.064 0.210 0.001 0.005 0.017 0.017 0.001 0.001 0.002 0.012 0.001 0.003 0.005 0.061 0.011 0.001 0.003 0.009 0.557  0.4935
0.006 0.005 0.033 0.276 0.001 0.010 0.015 0.046 0.004 0.004 0.004 0.010 0.001 0.001 0.006 0.016 0.022 0.001 0.001 0.019 0.519  0.5008
0.014 0.005 0.003 0.002 0.001 0.037 0.009 0.003 0.007 0.143 0.184 0.027 0.008 0.006 0.005 0.006 0.008 0.004 0.005 0.032 0.494  0.5552
0.017 0.034 0.016 0.006 0.002 0.031 0.023 0.004 0.016 0.066 0.012 0.087 0.002 0.006 0.013 0.028 0.077 0.001 0.014 0.076 0.467  0.6705
0.030 0.002 0.002 0.003 0.005 0.002 0.002 0.086 0.006 0.023 0.033 0.004 0.002 0.021 0.005 0.005 0.008 0.303 0.171 0.017 0.269  0.6364
0.016 0.018 0.028 0.012 0.002 0.034 0.069 0.005 0.032 0.017 0.014 0.033 0.005 0.006 0.022 0.115 0.289 0.001 0.239 0.021 0.020  0.7364
0.226 0.005 0.021 0.029 0.001 0.030 0.054 0.149 0.007 0.009 0.009 0.037 0.004 0.002 0.020 0.042 0.248 0.002 0.004 0.087 0.013  0.7350
0.054 0.016 0.028 0.021 0.001 0.061 0.039 0.012 0.006 0.045 0.026 0.106 0.007 0.005 0.021 0.065 0.343 0.004 0.011 0.106 0.023  0.7720
0.241 0.049 0.014 0.010 0.003 0.020 0.009 0.003 0.004 0.036 0.019 0.112 0.002 0.002 0.012 0.036 0.066 0.002 0.004 0.338 0.018  0.6781
0.057 0.013 0.111 0.325 0.001 0.139 0.023 0.114 0.003 0.018 0.033 0.026 0.006 0.001 0.008 0.035 0.028 0.001 0.004 0.045 0.011  0.7379
0.290 0.008 0.050 0.055 0.001 0.034 0.075 0.095 0.001 0.005 0.011 0.058 0.003 0.002 0.037 0.196 0.050 0.001 0.004 0.016 0.008  0.7390
0.040 0.004 0.230 0.390 0.001 0.039 0.033 0.049 0.004 0.003 0.005 0.049 0.005 0.004 0.007 0.089 0.035 0.001 0.003 0.006 0.004  0.6422
0.007 0.004 0.033 0.016 0.001 0.005 0.003 0.869 0.005 0.001 0.006 0.010 0.001 0.001 0.001 0.013 0.014 0.001 0.004 0.002 0.003  0.2340
0.046 0.048 0.202 0.035 0.001 0.041 0.029 0.011 0.026 0.012 0.016 0.091 0.003 0.005 0.002 0.178 0.210 0.001 0.009 0.027 0.005  0.7619
0.035 0.001 0.001 0.001 0.004 0.001 0.001 0.006 0.003 0.005 0.015 0.002 0.001 0.170 0.001 0.001 0.007 0.441 0.287 0.009 0.009  0.4870
0.033 0.051 0.025 0.008 0.002 0.055 0.046 0.005 0.014 0.024 0.017 0.100 0.004 0.006 0.001 0.370 0.179 0.001 0.020 0.029 0.010  0.7072
0.133 0.003 0.002 0.001 0.015 0.004 0.001 0.009 0.002 0.179 0.133 0.006 0.007 0.082 0.001 0.007 0.035 0.009 0.044 0.320 0.008  0.6696
0.051 0.038 0.056 0.089 0.001 0.045 0.077 0.015 0.026 0.020 0.023 0.067 0.005 0.004 0.034 0.102 0.299 0.001 0.006 0.033 0.008  0.8043
0.044 0.002 0.003 0.003 0.001 0.002 0.002 0.004 0.001 0.257 0.160 0.002 0.020 0.057 0.016 0.021 0.022 0.003 0.004 0.319 0.057  0.6371
0.049 0.012 0.111 0.132 0.001 0.018 0.027 0.014 0.004 0.002 0.011 0.056 0.002 0.003 0.379 0.099 0.038 0.003 0.004 0.008 0.026  0.6968
0.179 0.020 0.027 0.026 0.001 0.035 0.043 0.047 0.010 0.088 0.084 0.094 0.010 0.013 0.067 0.066 0.080 0.001 0.019 0.060 0.031  0.8848
0.178 0.023 0.045 0.045 0.001 0.120 0.043 0.052 0.003 0.005 0.052 0.086 0.006 0.007 0.048 0.171 0.051 0.003 0.006 0.022 0.034  0.8341
0.104 0.013 0.159 0.168 0.001 0.046 0.056 0.010 0.005 0.010 0.102 0.106 0.007 0.007 0.025 0.042 0.035 0.001 0.017 0.039 0.048  0.8355
0.140 0.006 0.005 0.019 0.001 0.008 0.016 0.009 0.270 0.041 0.201 0.023 0.017 0.044 0.033 0.015 0.024 0.002 0.015 0.061 0.051  0.7620
0.099 0.031 0.100 0.056 0.002 0.059 0.035 0.173 0.017 0.005 0.030 0.131 0.002 0.005 0.063 0.047 0.040 0.001 0.004 0.012 0.089  0.8465
0.097 0.008 0.117 0.040 0.001 0.022 0.026 0.099 0.010 0.005 0.027 0.020 0.005 0.041 0.006 0.042 0.096 0.003 0.070 0.008 0.256  0.8035
0.042 0.011 0.058 0.051 0.002 0.030 0.123 0.091 0.024 0.015 0.024 0.065 0.007 0.008 0.028 0.070 0.042 0.002 0.004 0.037 0.267  0.8253
0.045 0.018 0.038 0.134 0.001 0.027 0.057 0.013 0.002 0.039 0.069 0.025 0.008 0.014 0.018 0.075 0.089 0.002 0.042 0.045 0.240  0.8375
0.014 0.005 0.014 0.023 0.001 0.013 0.005 0.607 0.007 0.003 0.003 0.009 0.003 0.004 0.004 0.013 0.027 0.002 0.009 0.004 0.229  0.4500
0.028 0.019 0.082 0.068 0.001 0.023 0.091 0.011 0.015 0.025 0.052 0.057 0.008 0.002 0.019 0.076 0.133 0.001 0.005 0.046 0.239  0.8215
0.029 0.002 0.014 0.004 0.002 0.012 0.008 0.018 0.039 0.031 0.028 0.005 0.005 0.030 0.002 0.007 0.022 0.004 0.489 0.026 0.220  0.5938
0.044 0.026 0.108 0.030 0.002 0.072 0.040 0.005 0.062 0.051 0.014 0.030 0.004 0.012 0.018 0.065 0.197 0.001 0.017 0.025 0.176  0.8365
0.068 0.001 0.005 0.001 0.003 0.003 0.001 0.003 0.004 0.227 0.099 0.001 0.011 0.031 0.001 0.013 0.055 0.010 0.029 0.299 0.136  0.6683
0.026 0.017 0.032 0.046 0.001 0.058 0.049 0.006 0.260 0.011 0.013 0.057 0.003 0.005 0.003 0.105 0.177 0.002 0.006 0.024 0.099  0.7726
0.219 0.001 0.001 0.001 0.003 0.002 0.001 0.004 0.002 0.130 0.075 0.002 0.005 0.013 0.002 0.006 0.053 0.001 0.004 0.382 0.093  0.5892
0.018 0.008 0.012 0.006 0.001 0.021 0.017 0.003 0.004 0.033 0.011 0.014 0.008 0.012 0.001 0.069 0.219 0.007 0.354 0.078 0.103  0.6787
0.325 0.002 0.006 0.004 0.005 0.023 0.006 0.057 0.001 0.064 0.053 0.002 0.009 0.010 0.001 0.041 0.034 0.003 0.050 0.191 0.112  0.7109
0.017 0.035 0.037 0.023 0.001 0.053 0.044 0.003 0.008 0.042 0.020 0.082 0.009 0.009 0.001 0.055 0.313 0.007 0.045 0.079 0.118  0.7910
0.036 0.005 0.048 0.510 0.001 0.032 0.023 0.023 0.003 0.006 0.023 0.020 0.006 0.009 0.006 0.040 0.028 0.001 0.032 0.008 0.140  0.6253
0.157 0.025 0.052 0.034 0.002 0.046 0.051 0.035 0.005 0.015 0.017 0.115 0.005 0.004 0.032 0.079 0.083 0.001 0.007 0.026 0.209  0.8246
0.326 0.008 0.129 0.113 0.002 0.017 0.012 0.014 0.007 0.003 0.006 0.015 0.002 0.006 0.002 0.048 0.027 0.002 0.013 0.016 0.230  0.6690
0.004 0.002 0.038 0.002 0.001 0.010 0.004 0.627 0.003 0.002 0.003 0.009 0.002 0.001 0.001 0.007 0.004 0.001 0.002 0.003 0.275  0.3605
0.009 0.009 0.370 0.007 0.001 0.042 0.016 0.008 0.007 0.013 0.006 0.074 0.003 0.001 0.004 0.034 0.039 0.001 0.004 0.011 0.342  0.5837
0.023 0.034 0.007 0.001 0.006 0.032 0.020 0.002 0.006 0.018 0.047 0.023 0.060 0.012 0.007 0.063 0.115 0.001 0.012 0.083 0.429  0.6941
0.033 0.009 0.014 0.011 0.001 0.022 0.020 0.012 0.009 0.026 0.005 0.026 0.003 0.004 0.002 0.127 0.101 0.001 0.009 0.040 0.525  0.5926
0.019 0.002 0.013 0.016 0.007 0.019 0.014 0.109 0.004 0.005 0.006 0.018 0.005 0.027 0.006 0.039 0.042 0.002 0.012 0.007 0.628  0.5186
0.022 0.002 0.001 0.001 0.001 0.001 0.002 0.001 0.001 0.055 0.057 0.001 0.011 0.009 0.003 0.009 0.015 0.001 0.018 0.104 0.686  0.4140
0.015 0.005 0.024 0.005 0.001 0.007 0.005 0.029 0.002 0.001 0.003 0.017 0.001 0.001 0.001 0.015 0.050 0.001 0.001 0.003 0.812  0.3036
0.031 0.002 0.003 0.002 0.001 0.004 0.013 0.018 0.002 0.001 0.003 0.010 0.001 0.001 0.001 0.012 0.019 0.001 0.002 0.004 0.867  0.2350
0.005 0.001 0.001 0.001 0.001 0.002 0.001 0.002 0.001 0.006 0.005 0.003 0.003 0.002 0.001 0.003 0.055 0.001 0.001 0.010 0.896  0.1746
0.001 0.001 0.001 0.003 0.001 0.007 0.003 0.001 0.002 0.001 0.001 0.008 0.001 0.001 0.001 0.009 0.038 0.001 0.001 0.001 0.915  0.1534
0.005 0.001 0.001 0.001 0.001 0.005 0.001 0.001 0.003 0.001 0.001 0.003 0.001 0.003 0.001 0.001 0.019 0.001 0.005 0.007 0.939  0.1251
0.001 0.002 0.003 0.003 0.001 0.010 0.004 0.001 0.004 0.001 0.001 0.005 0.001 0.001 0.001 0.002 0.010 0.001 0.001 0.001 0.946  0.1148
0.001 0.001 0.001 0.001 0.001 0.001 0.001 0.001 0.002 0.003 0.001 0.001 0.001 0.001 0.001 0.001 0.001 0.001 0.001 0.016 0.963  0.0806
0.001 0.001 0.001 0.001 0.001 0.001 0.003 0.001 0.003 0.001 0.001 0.003 0.001 0.001 0.001 0.001 0.001 0.001 0.001 0.001 0.975  0.0628
0.001 0.001 0.001 0.001 0.001 0.001 0.001 0.001 0.003 0.001 0.001 0.001 0.001 0.001 0.001 0.001 0.001 0.001 0.001 0.001 0.978  0.0556
0.001 0.001 0.001 0.001 0.001 0.001 0.001 0.001 0.002 0.001 0.001 0.001 0.001 0.001 0.001 0.001 0.001 0.001 0.001 0.001 0.980  0.0519
