183
4016
907.706847
0.0619 0.0360 0.0229 0.0421 0.0017 0.0224 0.0344 0.0742 0.0065 0.0529 0.0755 0.0320 0.0134 0.0285 0.0291 0.0496 0.0473 0.0026 0.0194 0.0819 0.2657
0.011 0.010 0.006 0.002 0.001 0.008 0.002 0.004 0.002 0.004 0.017 0.011 0.207 0.001 0.008 0.010 0.011 0.001 0.003 0.004 0.676  0.3799
0.017 0.069 0.027 0.003 0.001 0.015 0.039 0.010 0.004 0.012 0.018 0.054 0.032 0.004 0.006 0.021 0.017 0.002 0.002 0.006 0.638  0.5186
0.017 0.060 0.041 0.020 0.002 0.013 0.025 0.015 0.005 0.016 0.023 0.069 0.011 0.016 0.011 0.070 0.058 0.001 0.016 0.011 0.498  0.6663
0.016 0.162 0.050 0.008 0.001 0.019 0.016 0.014 0.007 0.033 0.024 0.067 0.039 0.020 0.017 0.041 0.026 0.004 0.009 0.015 0.413  0.7120
0.055 0.074 0.029 0.006 0.001 0.010 0.004 0.039 0.012 0.030 0.042 0.067 0.009 0.015 0.018 0.096 0.053 0.020 0.014 0.034 0.370  0.7702
0.043 0.071 0.059 0.008 0.001 0.023 0.013 0.015 0.012 0.062 0.063 0.048 0.014 0.017 0.011 0.044 0.063 0.006 0.009 0.066 0.350  0.7887
0.036 0.046 0.030 0.033 0.001 0.020 0.316 0.010 0.016 0.006 0.046 0.040 0.007 0.006 0.019 0.023 0.017 0.002 0.041 0.009 0.274  0.7169
0.109 0.049 0.003 0.001 0.001 0.014 0.003 0.029 0.003 0.142 0.149 0.022 0.015 0.081 0.006 0.018 0.090 0.009 0.012 0.135 0.110  0.8072
0.057 0.096 0.008 0.001 0.003 0.038 0.002 0.036 0.005 0.068 0.113 0.237 0.011 0.019 0.005 0.055 0.035 0.026 0.009 0.080 0.099  0.8190
0.084 0.026 0.003 0.002 0.007 0.003 0.002 0.003 0.001 0.134 0.151 0.002 0.014 0.019 0.002 0.012 0.052 0.008 0.010 0.366 0.098  0.6663
0.093 0.003 0.001 0.001 0.001 0.002 0.002 0.679 0.001 0.021 0.025 0.001 0.004 0.005 0.002 0.022 0.013 0.001 0.002 0.038 0.081  0.4248
0.159 0.005 0.003 0.001 0.006 0.002 0.001 0.026 0.001 0.168 0.309 0.002 0.021 0.049 0.001 0.013 0.030 0.002 0.003 0.121 0.077  0.6741
0.071 0.002 0.001 0.001 0.005 0.001 0.001 0.020 0.001 0.081 0.139 0.001 0.022 0.432 0.001 0.005 0.026 0.005 0.004 0.107 0.072  0.6192
0.119 0.002 0.001 0.001 0.004 0.001 0.002 0.067 0.001 0.098 0.093 0.001 0.036 0.046 0.002 0.022 0.079 0.003 0.003 0.344 0.075  0.6958
0.085 0.001 0.001 0.001 0.009 0.001 0.001 0.013 0.001 0.158 0.350 0.001 0.012 0.039 0.001 0.015 0.034 0.004 0.001 0.195 0.076  0.6328
0.187 0.001 0.001 0.001 0.009 0.002 0.001 0.056 0.001 0.167 0.186 0.001 0.014 0.026 0.001 0.021 0.025 0.001 0.001 0.227 0.071  0.6756
0.211 0.001 0.001 0.001 0.019 0.001 0.001 0.222 0.001 0.055 0.090 0.001 0.024 0.021 0.009 0.066 0.068 0.001 0.001 0.148 0.057  0.7236
0.137 0.001 0.001 0.001 0.007 0.001 0.001 0.036 0.001 0.176 0.305 0.001 0.024 0.046 0.001 0.020 0.036 0.001 0.001 0.150 0.051  0.6696
0.214 0.001 0.001 0.001 0.010 0.001 0.001 0.099 0.001 0.120 0.184 0.001 0.009 0.035 0.001 0.023 0.030 0.001 0.001 0.205 0.059  0.6863
0.202 0.002 0.002 0.001 0.036 0.001 0.001 0.097 0.001 0.106 0.223 0.001 0.023 0.030 0.001 0.040 0.027 0.002 0.001 0.142 0.059  0.7208
0.102 0.001 0.001 0.001 0.005 0.001 0.001 0.053 0.001 0.089 0.304 0.001 0.034 0.155 0.004 0.017 0.058 0.002 0.002 0.122 0.046  0.6990
0.155 0.001 0.002 0.001 0.014 0.002 0.001 0.114 0.001 0.079 0.146 0.001 0.021 0.072 0.009 0.035 0.039 0.006 0.031 0.185 0.086  0.7718
0.136 0.001 0.002 0.001 0.002 0.001 0.001 0.092 0.003 0.064 0.113 0.001 0.017 0.124 0.002 0.028 0.034 0.036 0.138 0.150 0.053  0.7826
0.096 0.002 0.006 0.001 0.002 0.003 0.001 0.123 0.003 0.082 0.255 0.001 0.052 0.107 0.008 0.024 0.031 0.012 0.031 0.114 0.047  0.7644
0.190 0.003 0.003 0.003 0.021 0.003 0.001 0.087 0.004 0.121 0.113 0.002 0.019 0.050 0.001 0.080 0.073 0.018 0.020 0.137 0.050  0.7961
0.055 0.019 0.037 0.006 0.002 0.018 0.008 0.026 0.006 0.107 0.172 0.005 0.025 0.164 0.002 0.029 0.047 0.021 0.083 0.108 0.059  0.8368
0.084 0.051 0.070 0.013 0.001 0.069 0.010 0.058 0.007 0.026 0.074 0.058 0.024 0.069 0.002 0.063 0.059 0.090 0.051 0.055 0.063  0.9295
0.064 0.023 0.011 0.003 0.001 0.017 0.004 0.029 0.006 0.116 0.236 0.014 0.039 0.093 0.012 0.038 0.040 0.007 0.067 0.136 0.046  0.8176
0.102 0.045 0.024 0.023 0.001 0.026 0.018 0.226 0.010 0.039 0.103 0.068 0.012 0.034 0.015 0.097 0.045 0.003 0.036 0.035 0.040  0.8616
0.054 0.095 0.087 0.078 0.001 0.044 0.030 0.216 0.019 0.011 0.014 0.105 0.004 0.015 0.020 0.084 0.036 0.004 0.016 0.018 0.047  0.8517
0.044 0.055 0.033 0.024 0.002 0.034 0.023 0.134 0.009 0.085 0.153 0.047 0.018 0.053 0.037 0.057 0.040 0.017 0.022 0.068 0.044  0.9146
0.047 0.095 0.059 0.070 0.001 0.063 0.033 0.076 0.013 0.017 0.035 0.068 0.007 0.014 0.097 0.098 0.052 0.003 0.010 0.050 0.090  0.9103
0.039 0.027 0.048 0.044 0.001 0.016 0.013 0.054 0.011 0.039 0.123 0.027 0.015 0.075 0.075 0.054 0.033 0.014 0.022 0.069 0.201  0.8857
0.032 0.024 0.016 0.018 0.001 0.014 0.008 0.081 0.005 0.037 0.115 0.026 0.021 0.245 0.017 0.040 0.033 0.027 0.019 0.035 0.187  0.8131
0.010 0.009 0.007 0.009 0.001 0.012 0.010 0.035 0.002 0.006 0.011 0.011 0.003 0.010 0.009 0.015 0.012 0.003 0.002 0.015 0.808  0.3347
0.027 0.023 0.013 0.028 0.001 0.012 0.015 0.053 0.008 0.005 0.018 0.022 0.003 0.085 0.019 0.036 0.016 0.002 0.005 0.012 0.599  0.5662
0.062 0.065 0.035 0.072 0.002 0.048 0.080 0.167 0.017 0.022 0.012 0.070 0.004 0.014 0.021 0.127 0.085 0.002 0.011 0.036 0.048  0.8772
0.046 0.096 0.055 0.150 0.001 0.037 0.055 0.121 0.014 0.005 0.008 0.096 0.001 0.003 0.095 0.135 0.047 0.001 0.005 0.008 0.020  0.8286
0.035 0.068 0.035 0.040 0.010 0.040 0.035 0.174 0.025 0.005 0.010 0.076 0.009 0.012 0.036 0.117 0.179 0.003 0.055 0.030 0.007  0.8518
0.040 0.058 0.045 0.026 0.002 0.024 0.018 0.005 0.015 0.046 0.024 0.032 0.017 0.062 0.015 0.026 0.087 0.006 0.348 0.094 0.010  0.7916
0.031 0.111 0.029 0.038 0.001 0.054 0.109 0.024 0.040 0.033 0.025 0.052 0.007 0.006 0.061 0.070 0.224 0.001 0.025 0.055 0.004  0.8541
0.030 0.003 0.001 0.001 0.002 0.001 0.001 0.002 0.002 0.143 0.214 0.002 0.016 0.059 0.001 0.002 0.008 0.001 0.217 0.290 0.004  0.5972
0.018 0.066 0.035 0.023 0.015 0.037 0.045 0.010 0.065 0.031 0.012 0.063 0.008 0.022 0.002 0.092 0.243 0.007 0.151 0.051 0.001  0.8299
0.457 0.001 0.002 0.001 0.001 0.001 0.003 0.020 0.001 0.079 0.070 0.003 0.020 0.036 0.001 0.017 0.054 0.001 0.004 0.215 0.012  0.5766
0.032 0.105 0.028 0.072 0.002 0.064 0.150 0.006 0.025 0.048 0.058 0.044 0.019 0.022 0.004 0.047 0.064 0.001 0.081 0.124 0.004  0.8779
0.042 0.002 0.002 0.002 0.002 0.003 0.005 0.002 0.001 0.018 0.106 0.004 0.032 0.555 0.001 0.031 0.043 0.001 0.065 0.053 0.029  0.5632
0.100 0.038 0.058 0.194 0.001 0.033 0.097 0.038 0.010 0.006 0.013 0.045 0.003 0.004 0.119 0.112 0.098 0.001 0.006 0.022 0.001  0.8138
0.026 0.080 0.215 0.264 0.001 0.048 0.057 0.012 0.025 0.002 0.005 0.025 0.003 0.009 0.007 0.151 0.047 0.002 0.010 0.007 0.003  0.7253
0.319 0.001 0.004 0.003 0.001 0.001 0.001 0.031 0.001 0.112 0.039 0.001 0.002 0.002 0.008 0.084 0.057 0.001 0.003 0.326 0.002  0.5808
0.110 0.017 0.073 0.079 0.003 0.040 0.043 0.295 0.007 0.007 0.034 0.028 0.007 0.008 0.012 0.153 0.053 0.001 0.014 0.016 0.001  0.7677
0.017 0.011 0.058 0.027 0.001 0.014 0.005 0.749 0.003 0.003 0.046 0.004 0.004 0.004 0.007 0.031 0.011 0.001 0.001 0.001 0.001  0.3814
0.004 0.001 0.001 0.001 0.001 0.001 0.001 0.001 0.001 0.132 0.725 0.001 0.041 0.004 0.001 0.001 0.002 0.001 0.001 0.076 0.001  0.3258
0.075 0.100 0.058 0.037 0.003 0.070 0.063 0.032 0.021 0.015 0.032 0.135 0.014 0.024 0.035 0.086 0.090 0.002 0.042 0.066 0.001  0.9029
0.094 0.042 0.024 0.036 0.001 0.027 0.093 0.014 0.002 0.042 0.021 0.095 0.008 0.002 0.173 0.048 0.078 0.002 0.003 0.194 0.001  0.8062
0.025 0.051 0.065 0.044 0.001 0.023 0.015 0.628 0.014 0.001 0.003 0.036 0.001 0.004 0.001 0.063 0.017 0.001 0.004 0.001 0.001  0.5057
0.300 0.003 0.096 0.122 0.001 0.016 0.008 0.031 0.003 0.005 0.004 0.006 0.020 0.003 0.002 0.256 0.108 0.001 0.001 0.010 0.002  0.6413
0.068 0.050 0.045 0.187 0.002 0.039 0.083 0.012 0.007 0.005 0.016 0.076 0.005 0.010 0.279 0.058 0.026 0.001 0.004 0.025 0.001  0.7643
0.005 0.001 0.001 0.001 0.001 0.001 0.001 0.001 0.001 0.060 0.010 0.001 0.002 0.001 0.001 0.001 0.002 0.001 0.001 0.905 0.001  0.1529
0.016 0.303 0.015 0.014 0.001 0.048 0.038 0.003 0.007 0.021 0.067 0.173 0.030 0.016 0.001 0.038 0.138 0.014 0.033 0.025 0.001  0.7517
0.023 0.010 0.001 0.002 0.001 0.009 0.004 0.002 0.004 0.203 0.205 0.001 0.096 0.093 0.001 0.014 0.003 0.001 0.158 0.166 0.001  0.6756
0.277 0.180 0.118 0.030 0.002 0.022 0.014 0.050 0.026 0.003 0.042 0.043 0.017 0.006 0.001 0.150 0.003 0.001 0.007 0.006 0.001  0.7223
0.002 0.001 0.005 0.008 0.001 0.007 0.003 0.953 0.001 0.001 0.001 0.002 0.001 0.001 0.001 0.006 0.002 0.001 0.001 0.001 0.001  0.1042
0.031 0.010 0.006 0.002 0.001 0.006 0.003 0.002 0.006 0.139 0.073 0.013 0.026 0.049 0.001 0.004 0.022 0.001 0.045 0.558 0.001  0.5442
0.039 0.135 0.047 0.065 0.001 0.091 0.095 0.014 0.006 0.022 0.022 0.191 0.001 0.001 0.096 0.035 0.080 0.001 0.003 0.052 0.001  0.8192
0.045 0.005 0.001 0.001 0.001 0.002 0.002 0.001 0.001 0.268 0.007 0.007 0.006 0.003 0.001 0.015 0.003 0.001 0.001 0.627 0.001  0.3624
0.004 0.001 0.001 0.001 0.001 0.001 0.001 0.975 0.001 0.001 0.001 0.001 0.001 0.001 0.001 0.001 0.001 0.001 0.001 0.001 0.001  0.0617
0.024 0.229 0.028 0.010 0.001 0.082 0.094 0.004 0.024 0.014 0.015 0.169 0.007 0.010 0.001 0.096 0.127 0.007 0.023 0.034 0.001  0.7766
0.005 0.001 0.001 0.001 0.001 0.001 0.001 0.002 0.001 0.103 0.022 0.001 0.002 0.001 0.001 0.001 0.002 0.001 0.001 0.848 0.001  0.2060
0.053 0.084 0.020 0.097 0.002 0.050 0.146 0.032 0.010 0.019 0.021 0.107 0.005 0.001 0.001 0.120 0.183 0.001 0.002 0.047 0.001  0.8002
0.102 0.071 0.051 0.186 0.001 0.028 0.083 0.084 0.013 0.001 0.004 0.096 0.001 0.001 0.004 0.238 0.030 0.003 0.002 0.002 0.001  0.7369
0.010 0.003 0.001 0.001 0.001 0.022 0.008 0.001 0.004 0.468 0.105 0.002 0.037 0.009 0.001 0.004 0.016 0.001 0.005 0.299 0.002  0.4958
0.066 0.128 0.027 0.101 0.001 0.046 0.184 0.037 0.021 0.012 0.009 0.067 0.005 0.008 0.003 0.112 0.109 0.003 0.020 0.037 0.004  0.8270
0.038 0.020 0.008 0.003 0.001 0.012 0.011 0.008 0.004 0.104 0.424 0.003 0.015 0.093 0.087 0.019 0.024 0.003 0.037 0.081 0.004  0.6810
0.072 0.043 0.074 0.213 0.001 0.044 0.069 0.041 0.023 0.030 0.051 0.036 0.009 0.003 0.015 0.056 0.088 0.003 0.011 0.063 0.054  0.8773
0.066 0.038 0.049 0.139 0.001 0.038 0.053 0.121 0.007 0.007 0.013 0.042 0.007 0.011 0.200 0.051 0.042 0.001 0.024 0.017 0.074  0.8458
0.029 0.024 0.049 0.171 0.001 0.041 0.085 0.051 0.010 0.005 0.006 0.052 0.002 0.004 0.016 0.040 0.025 0.001 0.007 0.016 0.367  0.7199
0.029 0.037 0.045 0.089 0.001 0.024 0.032 0.113 0.014 0.007 0.013 0.038 0.002 0.002 0.030 0.061 0.083 0.002 0.008 0.011 0.359  0.7505
0.042 0.050 0.080 0.081 0.001 0.024 0.032 0.151 0.009 0.007 0.019 0.031 0.006 0.059 0.035 0.042 0.043 0.004 0.078 0.011 0.195  0.8583
0.048 0.135 0.030 0.034 0.003 0.079 0.037 0.124 0.059 0.014 0.056 0.093 0.024 0.017 0.011 0.046 0.057 0.002 0.019 0.038 0.074  0.9066
0.320 0.009 0.009 0.002 0.001 0.024 0.008 0.013 0.002 0.085 0.029 0.007 0.011 0.019 0.027 0.026 0.029 0.002 0.007 0.349 0.022  0.6340
0.030 0.172 0.022 0.065 0.002 0.037 0.124 0.016 0.020 0.055 0.092 0.092 0.014 0.004 0.008 0.023 0.053 0.001 0.015 0.150 0.006  0.8380
0.094 0.002 0.001 0.001 0.002 0.001 0.002 0.001 0.001 0.130 0.107 0.001 0.022 0.004 0.001 0.001 0.019 0.001 0.001 0.604 0.001  0.4412
0.037 0.085 0.016 0.081 0.001 0.037 0.129 0.033 0.024 0.022 0.024 0.071 0.009 0.007 0.002 0.061 0.253 0.005 0.013 0.088 0.001  0.8118
0.033 0.004 0.002 0.001 0.003 0.002 0.001 0.003 0.001 0.124 0.370 0.002 0.159 0.178 0.001 0.004 0.006 0.004 0.004 0.094 0.002  0.5896
0.099 0.148 0.040 0.070 0.010 0.047 0.126 0.031 0.015 0.012 0.037 0.072 0.009 0.008 0.002 0.136 0.085 0.006 0.013 0.028 0.003  0.8544
0.011 0.001 0.001 0.001 0.003 0.003 0.001 0.001 0.001 0.405 0.253 0.001 0.029 0.011 0.001 0.002 0.006 0.001 0.013 0.248 0.002  0.4892
0.032 0.086 0.092 0.338 0.001 0.046 0.103 0.015 0.008 0.005 0.031 0.069 0.002 0.009 0.030 0.051 0.039 0.002 0.027 0.009 0.006  0.7652
0.068 0.088 0.053 0.119 0.001 0.038 0.106 0.048 0.013 0.004 0.006 0.150 0.002 0.002 0.126 0.121 0.027 0.001 0.004 0.014 0.012  0.8171
0.048 0.058 0.063 0.271 0.001 0.040 0.089 0.127 0.015 0.001 0.004 0.092 0.001 0.001 0.023 0.095 0.036 0.004 0.002 0.007 0.020  0.7756
0.067 0.032 0.010 0.012 0.001 0.063 0.019 0.008 0.023 0.116 0.084 0.024 0.016 0.068 0.007 0.016 0.053 0.008 0.114 0.226 0.030  0.8411
0.060 0.105 0.027 0.056 0.001 0.058 0.063 0.028 0.021 0.012 0.022 0.094 0.004 0.007 0.109 0.039 0.046 0.004 0.003 0.037 0.205  0.8546
0.028 0.054 0.022 0.025 0.001 0.035 0.036 0.022 0.016 0.015 0.044 0.095 0.004 0.026 0.037 0.024 0.014 0.001 0.013 0.019 0.468  0.7019
0.005 0.002 0.001 0.001 0.001 0.002 0.002 0.002 0.003 0.386 0.347 0.002 0.019 0.032 0.007 0.001 0.001 0.018 0.004 0.161 0.001  0.4919
0.016 0.096 0.011 0.012 0.002 0.012 0.011 0.080 0.034 0.001 0.009 0.048 0.004 0.009 0.453 0.057 0.082 0.003 0.052 0.007 0.001  0.6658
0.154 0.088 0.025 0.116 0.001 0.060 0.119 0.024 0.008 0.014 0.018 0.124 0.003 0.001 0.022 0.084 0.073 0.002 0.002 0.057 0.003  0.8254
0.041 0.021 0.151 0.476 0.001 0.020 0.024 0.137 0.008 0.002 0.005 0.012 0.001 0.001 0.001 0.052 0.039 0.001 0.003 0.001 0.001  0.5846
0.171 0.002 0.001 0.005 0.003 0.001 0.002 0.007 0.003 0.008 0.036 0.001 0.009 0.006 0.004 0.344 0.255 0.002 0.012 0.126 0.001  0.5752
0.043 0.132 0.012 0.022 0.002 0.041 0.060 0.034 0.019 0.069 0.029 0.089 0.012 0.010 0.006 0.116 0.153 0.002 0.026 0.120 0.002  0.8503
0.572 0.001 0.001 0.001 0.006 0.001 0.002 0.011 0.001 0.064 0.055 0.001 0.014 0.062 0.011 0.001 0.011 0.001 0.003 0.176 0.004  0.4880
0.120 0.127 0.017 0.031 0.001 0.079 0.101 0.019 0.009 0.026 0.031 0.056 0.019 0.010 0.001 0.163 0.091 0.001 0.021 0.074 0.004  0.8407
0.023 0.004 0.001 0.001 0.001 0.002 0.001 0.002 0.001 0.467 0.172 0.010 0.010 0.027 0.003 0.005 0.021 0.001 0.015 0.229 0.004  0.5179
0.100 0.184 0.032 0.024 0.001 0.047 0.059 0.060 0.016 0.023 0.060 0.121 0.013 0.012 0.003 0.072 0.061 0.004 0.028 0.073 0.007  0.8676
0.061 0.022 0.055 0.015 0.001 0.094 0.010 0.019 0.002 0.018 0.039 0.017 0.023 0.014 0.090 0.210 0.197 0.005 0.062 0.021 0.025  0.8188
0.093 0.069 0.037 0.082 0.001 0.082 0.090 0.030 0.005 0.018 0.084 0.074 0.017 0.007 0.033 0.135 0.073 0.001 0.008 0.035 0.026  0.8873
0.011 0.001 0.123 0.053 0.001 0.002 0.006 0.382 0.001 0.006 0.010 0.001 0.002 0.002 0.020 0.194 0.174 0.001 0.002 0.002 0.005  0.5797
0.087 0.001 0.001 0.003 0.002 0.003 0.002 0.006 0.001 0.124 0.505 0.001 0.041 0.047 0.029 0.005 0.005 0.001 0.011 0.125 0.001  0.5526
0.029 0.001 0.001 0.004 0.001 0.001 0.007 0.009 0.001 0.146 0.407 0.001 0.071 0.122 0.002 0.013 0.075 0.003 0.001 0.101 0.003  0.6168
0.031 0.001 0.006 0.004 0.002 0.004 0.004 0.874 0.001 0.001 0.002 0.002 0.002 0.001 0.004 0.041 0.014 0.001 0.001 0.001 0.001  0.2137
0.067 0.025 0.048 0.190 0.001 0.059 0.225 0.123 0.001 0.027 0.026 0.024 0.005 0.001 0.009 0.081 0.046 0.002 0.003 0.036 0.002  0.7795
0.075 0.158 0.045 0.006 0.001 0.093 0.009 0.009 0.009 0.020 0.023 0.296 0.016 0.006 0.045 0.068 0.076 0.005 0.011 0.023 0.007  0.7701
0.065 0.016 0.018 0.006 0.003 0.023 0.023 0.022 0.019 0.035 0.030 0.016 0.010 0.156 0.002 0.049 0.026 0.004 0.424 0.051 0.001  0.6982
0.004 0.002 0.001 0.001 0.001 0.002 0.003 0.002 0.001 0.313 0.264 0.001 0.019 0.011 0.001 0.004 0.002 0.001 0.001 0.364 0.001  0.4550
0.130 0.031 0.077 0.160 0.001 0.048 0.255 0.047 0.009 0.015 0.021 0.027 0.011 0.005 0.001 0.088 0.031 0.001 0.005 0.037 0.001  0.7739
0.005 0.001 0.002 0.001 0.002 0.001 0.003 0.001 0.002 0.325 0.487 0.001 0.009 0.064 0.001 0.002 0.002 0.002 0.001 0.086 0.001  0.4344
0.036 0.050 0.030 0.067 0.001 0.051 0.079 0.013 0.019 0.092 0.054 0.030 0.015 0.017 0.002 0.136 0.160 0.001 0.019 0.126 0.001  0.8511
0.063 0.034 0.010 0.034 0.001 0.038 0.017 0.050 0.003 0.020 0.073 0.018 0.013 0.015 0.473 0.054 0.035 0.001 0.018 0.027 0.003  0.6916
0.065 0.041 0.024 0.039 0.001 0.024 0.022 0.477 0.007 0.004 0.013 0.025 0.006 0.004 0.144 0.037 0.033 0.001 0.003 0.016 0.015  0.6501
0.094 0.040 0.053 0.086 0.001 0.024 0.051 0.186 0.014 0.006 0.013 0.045 0.004 0.016 0.072 0.111 0.104 0.003 0.022 0.025 0.029  0.8617
0.089 0.027 0.033 0.106 0.003 0.030 0.057 0.129 0.014 0.019 0.025 0.029 0.011 0.004 0.100 0.164 0.047 0.001 0.006 0.018 0.086  0.8580
0.074 0.029 0.028 0.120 0.002 0.036 0.094 0.148 0.009 0.007 0.025 0.048 0.005 0.007 0.090 0.084 0.061 0.002 0.005 0.016 0.109  0.8563
0.104 0.034 0.026 0.060 0.001 0.038 0.093 0.127 0.007 0.019 0.012 0.036 0.005 0.007 0.091 0.070 0.049 0.001 0.006 0.032 0.182  0.8483
0.017 0.004 0.006 0.022 0.001 0.006 0.009 0.017 0.001 0.002 0.003 0.004 0.003 0.001 0.023 0.014 0.007 0.001 0.001 0.005 0.851  0.2648
0.005 0.002 0.002 0.002 0.029 0.004 0.002 0.004 0.002 0.001 0.002 0.001 0.002 0.001 0.003 0.005 0.004 0.001 0.001 0.003 0.923  0.1495
0.013 0.005 0.010 0.017 0.001 0.005 0.008 0.016 0.002 0.002 0.001 0.004 0.002 0.003 0.011 0.018 0.010 0.001 0.001 0.002 0.867  0.2441
0.023 0.006 0.005 0.010 0.001 0.010 0.014 0.039 0.001 0.002 0.004 0.003 0.002 0.001 0.019 0.022 0.016 0.001 0.002 0.006 0.811  0.3162
0.034 0.023 0.003 0.013 0.001 0.014 0.028 0.045 0.002 0.005 0.013 0.016 0.002 0.004 0.131 0.015 0.020 0.001 0.003 0.014 0.613  0.5153
0.051 0.064 0.028 0.014 0.005 0.018 0.042 0.012 0.014 0.052 0.071 0.032 0.048 0.051 0.130 0.027 0.057 0.003 0.101 0.065 0.115  0.9137
0.038 0.003 0.001 0.004 0.002 0.008 0.007 0.003 0.008 0.110 0.545 0.003 0.026 0.025 0.013 0.002 0.008 0.002 0.020 0.072 0.099  0.5627
0.147 0.078 0.017 0.031 0.027 0.076 0.093 0.043 0.016 0.008 0.018 0.121 0.004 0.002 0.097 0.062 0.041 0.002 0.003 0.024 0.091  0.8666
0.110 0.011 0.060 0.224 0.002 0.016 0.105 0.025 0.010 0.004 0.007 0.009 0.002 0.004 0.188 0.068 0.018 0.001 0.003 0.013 0.119  0.7523
0.012 0.014 0.061 0.059 0.001 0.011 0.021 0.636 0.008 0.003 0.006 0.022 0.003 0.002 0.007 0.018 0.009 0.001 0.003 0.003 0.099  0.4926
0.145 0.011 0.014 0.273 0.002 0.045 0.064 0.139 0.007 0.003 0.003 0.014 0.006 0.003 0.005 0.122 0.041 0.001 0.004 0.008 0.092  0.7290
0.031 0.095 0.005 0.007 0.015 0.036 0.091 0.005 0.020 0.039 0.033 0.024 0.016 0.025 0.016 0.025 0.246 0.003 0.016 0.154 0.097  0.8183
0.004 0.004 0.001 0.002 0.001 0.004 0.003 0.004 0.003 0.503 0.215 0.001 0.005 0.028 0.004 0.004 0.009 0.002 0.005 0.108 0.089  0.5071
0.073 0.070 0.019 0.047 0.002 0.057 0.072 0.030 0.011 0.031 0.024 0.052 0.014 0.008 0.207 0.044 0.079 0.002 0.016 0.032 0.111  0.8734
0.089 0.118 0.041 0.044 0.002 0.059 0.042 0.107 0.026 0.018 0.049 0.021 0.013 0.024 0.024 0.087 0.051 0.001 0.034 0.049 0.099  0.9149
0.053 0.026 0.013 0.054 0.002 0.021 0.044 0.059 0.003 0.011 0.012 0.031 0.005 0.009 0.009 0.056 0.368 0.001 0.007 0.051 0.168  0.7287
0.057 0.080 0.031 0.030 0.001 0.135 0.088 0.028 0.018 0.036 0.022 0.052 0.007 0.014 0.026 0.098 0.071 0.001 0.011 0.050 0.142  0.8847
0.051 0.021 0.017 0.051 0.001 0.023 0.060 0.042 0.003 0.013 0.015 0.020 0.006 0.003 0.103 0.182 0.075 0.001 0.004 0.075 0.234  0.7931
0.189 0.010 0.015 0.029 0.001 0.025 0.030 0.066 0.006 0.007 0.010 0.017 0.011 0.010 0.197 0.096 0.052 0.001 0.009 0.018 0.200  0.7658
0.052 0.017 0.008 0.029 0.001 0.021 0.012 0.041 0.002 0.057 0.102 0.016 0.025 0.049 0.061 0.027 0.048 0.001 0.049 0.155 0.227  0.8369
0.017 0.014 0.051 0.210 0.001 0.034 0.070 0.053 0.002 0.020 0.019 0.006 0.017 0.005 0.018 0.143 0.044 0.001 0.001 0.036 0.238  0.7646
0.014 0.001 0.001 0.003 0.001 0.003 0.002 0.005 0.001 0.143 0.298 0.002 0.059 0.052 0.006 0.005 0.029 0.007 0.012 0.118 0.238  0.6490
0.039 0.007 0.053 0.151 0.001 0.037 0.206 0.030 0.003 0.013 0.013 0.005 0.019 0.008 0.011 0.062 0.083 0.001 0.008 0.015 0.235  0.7589
0.052 0.026 0.033 0.176 0.001 0.089 0.130 0.031 0.004 0.005 0.009 0.044 0.007 0.001 0.007 0.063 0.063 0.001 0.001 0.017 0.240  0.7695
0.059 0.001 0.003 0.003 0.002 0.014 0.008 0.004 0.002 0.070 0.316 0.003 0.064 0.011 0.001 0.016 0.039 0.001 0.003 0.136 0.244  0.6533
0.026 0.002 0.005 0.002 0.001 0.009 0.002 0.010 0.001 0.170 0.265 0.006 0.051 0.085 0.002 0.017 0.022 0.003 0.005 0.070 0.247  0.6718
0.067 0.051 0.079 0.065 0.001 0.039 0.069 0.116 0.005 0.007 0.011 0.022 0.006 0.002 0.002 0.099 0.042 0.002 0.003 0.013 0.297  0.7686
0.028 0.044 0.035 0.071 0.001 0.082 0.053 0.079 0.008 0.006 0.009 0.104 0.005 0.001 0.006 0.067 0.049 0.001 0.001 0.015 0.332  0.7562
0.069 0.001 0.001 0.002 0.002 0.002 0.001 0.017 0.001 0.052 0.189 0.001 0.015 0.151 0.002 0.009 0.013 0.001 0.032 0.057 0.382  0.6249
0.035 0.015 0.005 0.014 0.001 0.018 0.008 0.010 0.003 0.056 0.042 0.018 0.014 0.007 0.002 0.020 0.053 0.001 0.007 0.040 0.632  0.5304
0.012 0.017 0.009 0.015 0.001 0.007 0.013 0.018 0.003 0.003 0.006 0.010 0.003 0.071 0.022 0.028 0.028 0.001 0.016 0.004 0.710  0.4420
0.008 0.007 0.028 0.005 0.001 0.013 0.008 0.043 0.001 0.009 0.042 0.013 0.006 0.003 0.004 0.044 0.027 0.003 0.002 0.017 0.715  0.4354
0.026 0.003 0.006 0.008 0.001 0.010 0.002 0.028 0.001 0.015 0.050 0.018 0.008 0.023 0.003 0.029 0.017 0.001 0.001 0.026 0.724  0.4263
0.031 0.013 0.011 0.025 0.001 0.012 0.016 0.049 0.002 0.007 0.007 0.019 0.001 0.002 0.002 0.025 0.020 0.001 0.001 0.022 0.732  0.4172
0.033 0.007 0.013 0.029 0.001 0.014 0.029 0.032 0.002 0.001 0.003 0.014 0.002 0.001 0.004 0.026 0.011 0.001 0.001 0.005 0.770  0.3672
0.008 0.003 0.005 0.010 0.001 0.004 0.013 0.019 0.002 0.036 0.036 0.020 0.004 0.002 0.004 0.015 0.011 0.002 0.001 0.025 0.779  0.3597
0.009 0.010 0.013 0.064 0.001 0.010 0.019 0.026 0.001 0.001 0.006 0.012 0.001 0.001 0.004 0.015 0.005 0.002 0.001 0.002 0.794  0.3267
0.009 0.002 0.003 0.013 0.001 0.006 0.007 0.015 0.002 0.003 0.006 0.015 0.001 0.002 0.042 0.016 0.027 0.001 0.001 0.008 0.820  0.3027
0.011 0.002 0.005 0.007 0.001 0.003 0.007 0.009 0.001 0.002 0.002 0.019 0.002 0.001 0.005 0.011 0.005 0.001 0.003 0.001 0.903  0.1893
0.010 0.001 0.006 0.006 0.001 0.006 0.006 0.011 0.001 0.003 0.002 0.007 0.001 0.002 0.005 0.009 0.006 0.001 0.001 0.001 0.913  0.1747
0.002 0.001 0.002 0.002 0.001 0.001 0.001 0.003 0.002 0.001 0.003 0.002 0.002 0.001 0.002 0.005 0.002 0.001 0.001 0.003 0.960  0.0926
0.003 0.001 0.003 0.002 0.001 0.001 0.001 0.003 0.001 0.002 0.001 0.003 0.001 0.001 0.001 0.003 0.001 0.001 0.001 0.001 0.966  0.0815
0.002 0.001 0.002 0.004 0.001 0.002 0.001 0.004 0.001 0.001 0.001 0.001 0.001 0.001 0.002 0.002 0.001 0.001 0.001 0.001 0.968  0.0775
0.004 0.001 0.001 0.002 0.001 0.002 0.001 0.002 0.001 0.001 0.003 0.001 0.001 0.001 0.002 0.002 0.003 0.001 0.001 0.001 0.968  0.0776
0.004 0.001 0.001 0.001 0.001 0.001 0.002 0.004 0.001 0.001 0.001 0.001 0.001 0.001 0.002 0.002 0.002 0.001 0.001 0.001 0.968  0.0770
0.002 0.001 0.001 0.001 0.001 0.001 0.001 0.001 0.001 0.001 0.001 0.002 0.001 0.001 0.001 0.002 0.003 0.001 0.001 0.001 0.974  0.0652
0.001 0.001 0.001 0.001 0.001 0.001 0.002 0.004 0.001 0.001 0.001 0.001 0.001 0.001 0.001 0.001 0.001 0.001 0.001 0.001 0.974  0.0643
0.004 0.001 0.001 0.001 0.001 0.001 0.001 0.001 0.001 0.001 0.001 0.001 0.001 0.001 0.001 0.001 0.001 0.001 0.001 0.003 0.974  0.0644
0.001 0.001 0.001 0.001 0.001 0.001 0.001 0.001 0.001 0.001 0.001 0.001 0.001 0.001 0.002 0.001 0.001 0.002 0.001 0.001 0.977  0.0591
0.001 0.001 0.001 0.001 0.001 0.001 0.001 0.002 0.001 0.001 0.001 0.001 0.001 0.001 0.001 0.001 0.001 0.001 0.001 0.001 0.977  0.0587
0.001 0.001 0.001 0.001 0.001 0.002 0.001 0.001 0.001 0.001 0.001 0.001 0.001 0.001 0.001 0.001 0.001 0.001 0.001 0.001 0.977  0.0587
0.001 0.001 0.001 0.001 0.001 0.001 0.001 0.001 0.001 0.001 0.001 0.001 0.001 0.001 0.001 0.001 0.001 0.001 0.001 0.001 0.978  0.0556
0.001 0.001 0.001 0.001 0.001 0.001 0.001 0.001 0.001 0.001 0.001 0.001 0.001 0.001 0.001 0.001 0.001 0.001 0.001 0.001 0.978  0.0556
0.001 0.001 0.001 0.001 0.001 0.001 0.001 0.001 0.001 0.001 0.001 0.001 0.001 0.001 0.001 0.001 0.001 0.001 0.001 0.001 0.978  0.0556
0.001 0.001 0.001 0.001 0.001 0.001 0.001 0.001 0.001 0.001 0.001 0.001 0.001 0.001 0.001 0.001 0.001 0.001 0.001 0.001 0.978  0.0556
0.001 0.001 0.001 0.001 0.001 0.001 0.001 0.001 0.001 0.001 0.001 0.001 0.001 0.001 0.001 0.001 0.001 0.001 0.001 0.001 0.978  0.0556
0.001 0.001 0.001 0.001 0.001 0.001 0.001 0.001 0.001 0.001 0.001 0.001 0.001 0.001 0.001 0.001 0.001 0.001 0.001 0.001 0.978  0.0556
0.001 0.001 0.001 0.001 0.001 0.001 0.001 0.001 0.001 0.001 0.001 0.001 0.001 0.001 0.001 0.001 0.001 0.001 0.001 0.001 0.978  0.0556
0.001 0.001 0.001 0.001 0.001 0.001 0.001 0.001 0.001 0.001 0.001 0.001 0.001 0.001 0.001 0.001 0.001 0.001 0.001 0.001 0.978  0.0556
0.001 0.001 0.001 0.001 0.001 0.001 0.001 0.001 0.001 0.001 0.001 0.001 0.001 0.001 0.001 0.001 0.001 0.001 0.001 0.001 0.978  0.0556
0.001 0.001 0.001 0.001 0.001 0.001 0.001 0.001 0.001 0.001 0.001 0.001 0.001 0.001 0.001 0.001 0.001 0.001 0.001 0.001 0.978  0.0556
0.001 0.001 0.001 0.001 0.001 0.001 0.001 0.001 0.001 0.001 0.001 0.001 0.001 0.001 0.001 0.001 0.001 0.001 0.001 0.001 0.978  0.0556
